19126001
20010401
Trinh Van Minh
2001 04 01
19APCS1
0
-1
-1
-1
-1
2020 04 06
2020 04 13
2020 04 20
2020 04 27
2020 05 04
2020 05 11
2020 05 18
2020 05 25
2020 06 01
2020 06 08
19127001
20200401
Nguyen Van 1
2020 04 01
19APCS1
1
-1
-1
-1
-1
2020 04 06
2020 04 13
2020 04 20
2020 04 27
2020 05 04
2020 05 11
2020 05 18
2020 05 25
2020 06 01
2020 06 08
19127002
20200402
Nguyen Van 2
2020 04 02
19APCS1
1
-1
-1
-1
-1
2020 04 06
2020 04 13
2020 04 20
2020 04 27
2020 05 04
2020 05 11
2020 05 18
2020 05 25
2020 06 01
2020 06 08
