6
19125006
Nguyen Van A
1
02-03-2004
19APCS1
-1
-1
-1
-1
2020 04 06 -1
2020 04 13 -1
2020 04 20 -1
2020 04 27 -1
2020 05 04 -1
2020 05 11 -1
2020 05 18 -1
2020 05 25 -1
2020 06 01 -1
2020 06 08 -1

19125007
Nguyen Van B
0
03-03-2004
19APCS1
-1
-1
-1
-1
2020 04 06 -1
2020 04 13 -1
2020 04 20 -1
2020 04 27 -1
2020 05 04 -1
2020 05 11 -1
2020 05 18 -1
2020 05 25 -1
2020 06 01 -1
2020 06 08 -1

19125008
Nguyen Van C
1
04-03-2004
19APCS1
-1
-1
-1
-1
2020 04 06 -1
2020 04 13 -1
2020 04 20 -1
2020 04 27 -1
2020 05 04 -1
2020 05 11 -1
2020 05 18 -1
2020 05 25 -1
2020 06 01 -1
2020 06 08 -1

19125010
Nguyen Van E
0
06-03-2004
19APCS1
-1
-1
-1
-1
2020 04 06 -1
2020 04 13 -1
2020 04 20 -1
2020 04 27 -1
2020 05 04 -1
2020 05 11 -1
2020 05 18 -1
2020 05 25 -1
2020 06 01 -1
2020 06 08 -1

19125011
Nguyen Van F
1
07-03-2004
19APCS1
-1
-1
-1
-1
2020 04 06 -1
2020 04 13 -1
2020 04 20 -1
2020 04 27 -1
2020 05 04 -1
2020 05 11 -1
2020 05 18 -1
2020 05 25 -1
2020 06 01 -1
2020 06 08 -1

19125009
Nguyen Van D
1
05-03-2004
19APCS1
-1
-1
-1
-1
2020 04 06 -1
2020 04 13 -1
2020 04 20 -1
2020 04 27 -1
2020 05 04 -1
2020 05 11 -1
2020 05 18 -1
2020 05 25 -1
2020 06 01 -1
2020 06 08 -1