4
19126001
20010401
Trinh Van Minh
2001 04 01
19APCS1
0
-1
-1
-1
-1
2020 04 06 -1
2020 04 13 -1
2020 04 20 -1
2020 04 27 -1
2020 05 04 -1
2020 05 11 -1
2020 05 18 -1
2020 05 25 -1
2020 06 01 -1
2020 06 08 -1

19127001
20200401
Nguyen Van 1
2020 04 01
19APCS1
1
-1
-1
-1
-1
2020 04 06 -1
2020 04 13 -1
2020 04 20 -1
2020 04 27 -1
2020 05 04 -1
2020 05 11 -1
2020 05 18 -1
2020 05 25 -1
2020 06 01 -1
2020 06 08 -1

19127002
20200402
Nguyen Van 2
2020 04 02
19APCS1
1
-1
-1
-1
-1
2020 04 06 -1
2020 04 13 -1
2020 04 20 -1
2020 04 27 -1
2020 05 04 -1
2020 05 11 -1
2020 05 18 -1
2020 05 25 -1
2020 06 01 -1
2020 06 08 -1

1912799
20010401
Super Star
2001 04 01
19CLC10
1
-1
-1
-1
-1
2020 04 06 -1
2020 04 13 -1
2020 04 20 -1
2020 04 27 -1
2020 05 04 -1
2020 05 11 -1
2020 05 18 -1
2020 05 25 -1
2020 06 01 -1
2020 06 08 -1