5
19125006
Nguyen Van A
1
19-03-2004
19APCS1
3.5
3.5
3
3.5
2020 04 11 7 30 11 30 -1
2020 04 18 7 30 11 30 -1
2020 04 25 7 30 11 30 -1
2020 05 02 7 30 11 30 -1
2020 05 09 7 30 11 30 -1
2020 05 16 7 30 11 30 -1
2020 05 23 7 30 11 30 -1
2020 05 30 7 30 11 30 -1
2020 06 06 7 30 11 30 -1
2020 06 13 7 30 11 30 -1

19125007
Nguyen Van B
0
03-03-2004
19APCS1
9.5
8.5
9.5
9.5
2020 04 11 7 30 11 30 -1
2020 04 18 7 30 11 30 -1
2020 04 25 7 30 11 30 -1
2020 05 02 7 30 11 30 -1
2020 05 09 7 30 11 30 -1
2020 05 16 7 30 11 30 -1
2020 05 23 7 30 11 30 -1
2020 05 30 7 30 11 30 -1
2020 06 06 7 30 11 30 -1
2020 06 13 7 30 11 30 -1

19125008
Nguyen Van C
1
04-03-2004
19APCS1
7
9.5
9.5
9.5
2020 04 11 7 30 11 30 -1
2020 04 18 7 30 11 30 -1
2020 04 25 7 30 11 30 -1
2020 05 02 7 30 11 30 -1
2020 05 09 7 30 11 30 -1
2020 05 16 7 30 11 30 -1
2020 05 23 7 30 11 30 -1
2020 05 30 7 30 11 30 -1
2020 06 06 7 30 11 30 -1
2020 06 13 7 30 11 30 -1

19125010
Nguyen Van E
0
06-03-2004
19APCS1
9.5
9.5
9.5
9.5
2020 04 11 7 30 11 30 -1
2020 04 18 7 30 11 30 -1
2020 04 25 7 30 11 30 -1
2020 05 02 7 30 11 30 -1
2020 05 09 7 30 11 30 -1
2020 05 16 7 30 11 30 -1
2020 05 23 7 30 11 30 -1
2020 05 30 7 30 11 30 -1
2020 06 06 7 30 11 30 -1
2020 06 13 7 30 11 30 -1

19125011
Nguyen Van F
1
07-03-2004
19APCS1
9.5
9.5
9.5
9.5
2020 04 11 7 30 11 30 -1
2020 04 18 7 30 11 30 -1
2020 04 25 7 30 11 30 -1
2020 05 02 7 30 11 30 -1
2020 05 09 7 30 11 30 -1
2020 05 16 7 30 11 30 -1
2020 05 23 7 30 11 30 -1
2020 05 30 7 30 11 30 -1
2020 06 06 7 30 11 30 -1
2020 06 13 7 30 11 30 -1

