4
19127001
20200401
Nguyen Van 1
2001 04 01
19APCS1
1
9.5
9.5
9.5
9.5
2020 04 06 07 30 11 30 -1
2020 04 13 07 30 11 30 -1
2020 04 20 07 30 11 30 -1
2020 04 27 07 30 11 30 -1
2020 05 04 07 30 11 30 -1
2020 05 11 07 30 11 30 -1
2020 05 18 07 30 11 30 -1
2020 05 25 07 30 11 30 -1
2020 06 01 07 30 11 30 -1
2020 06 08 07 30 11 30 -1
0

19127002
20200402
Nguyen Van 2
2001 04 02
19APCS1
1
9.5
9.5
9.5
9.5
2020 04 06 07 30 11 30 -1
2020 04 13 07 30 11 30 -1
2020 04 20 07 30 11 30 -1
2020 04 27 07 30 11 30 -1
2020 05 04 07 30 11 30 -1
2020 05 11 07 30 11 30 -1
2020 05 18 07 30 11 30 -1
2020 05 25 07 30 11 30 -1
2020 06 01 07 30 11 30 -1
2020 06 08 07 30 11 30 -1
1

18127100
20200402
Thang Nguyen
1999 04 02
19APCS1
1
9.5
9.5
9.5
9.5
2020 04 06 07 30 11 30 -1
2020 04 13 07 30 11 30 -1
2020 04 20 07 30 11 30 -1
2020 04 27 07 30 11 30 -1
2020 05 04 07 30 11 30 -1
2020 05 11 07 30 11 30 -1
2020 05 18 07 30 11 30 -1
2020 05 25 07 30 11 30 -1
2020 06 01 07 30 11 30 -1
2020 06 08 07 30 11 30 -1
1

19127005
20020101
Do Vuong Phuc Hoi Nhieu
2002 01 01
19CLC5
1
9.5
9.5
9.5
9.5
2020 04 06 07 30 11 30 -1
2020 04 13 07 30 11 30 -1
2020 04 20 07 30 11 30 -1
2020 04 27 07 30 11 30 -1
2020 05 04 07 30 11 30 -1
2020 05 11 07 30 11 30 -1
2020 05 18 07 30 11 30 -1
2020 05 25 07 30 11 30 -1
2020 06 01 07 30 11 30 -1
2020 06 08 07 30 11 30 -1
1

